//SKILL TREE INFORMATION
//------------------------------------------------------------
//Novice
0,1,0,0,0,0,0,0,0,0,0,0			// - NV_BASIC
//------------------------------------------------------------
//Swordsman
1,1,0,0,0,0,0,0,0,0,0,0			// - NV_BASIC
1,2,0,0,0,0,0,0,0,0,0,0			// - SM_SWORD
1,3,2,1,0,0,0,0,0,0,0,0			// - SM_TWOHAND
1,4,0,0,0,0,0,0,0,0,0,0			// - SM_RECOVERY
1,5,0,0,0,0,0,0,0,0,0,0			// - SM_BASH
1,6,0,0,0,0,0,0,0,0,0,0			// - SM_PROVOKE
1,7,5,5,0,0,0,0,0,0,0,0			// - SM_MAGNUM
1,8,6,5,0,0,0,0,0,0,0,0			// - SM_ENDURE
//------------------------------------------------------------
//Mage
2,1,0,0,0,0,0,0,0,0,0,0			// - NV_BASIC
2,9,0,0,0,0,0,0,0,0,0,0			// - MG_SRECOVERY
2,10,0,0,0,0,0,0,0,0,0,0		// - MG_SIGHT
2,11,0,0,0,0,0,0,0,0,0,0		// - MG_NAPALMBEAT
2,13,11,4,0,0,0,0,0,0,0,0		// - MG_SOULSTRIKE
2,12,11,7,13,5,0,0,0,0,0,0		// - MG_SAFETYWALL
2,14,0,0,0,0,0,0,0,0,0,0		// - MG_COLDBOLT
2,15,14,5,0,0,0,0,0,0,0,0		// - MG_FROSTDIVER
2,16,0,0,0,0,0,0,0,0,0,0		// - MG_STONECURSE
2,17,19,4,0,0,0,0,0,0,0,0		// - MG_FIREBALL
2,18,10,1,17,5,0,0,0,0,0,0		// - MG_FIREWALL
2,19,0,0,0,0,0,0,0,0,0,0		// - MG_FIREBOLT
2,20,0,0,0,0,0,0,0,0,0,0		// - MG_LIGHTNINGBOLT
2,21,20,4,0,0,0,0,0,0,0,0		// - MG_THUNDERSTORM
//------------------------------------------------------------
//Archer
3,1,0,0,0,0,0,0,0,0,0,0			// - NV_BASIC
3,43,0,0,0,0,0,0,0,0,0,0		// - AC_OWL
3,44,43,3,0,0,0,0,0,0,0,0		// - AC_VULTURE
3,45,44,1,0,0,0,0,0,0,0,0		// - AC_CONCENTRATION
3,46,0,0,0,0,0,0,0,0,0,0		// - AC_DOUBLE
3,47,46,5,0,0,0,0,0,0,0,0		// - AC_SHOWER
//------------------------------------------------------------
//Acolyte
4,1,0,0,0,0,0,0,0,0,0,0			// - NV_BASIC
4,22,0,0,0,0,0,0,0,0,0,0		// - AL_DP
4,23,22,3,0,0,0,0,0,0,0,0		// - AL_DEMONBANE
4,24,0,0,0,0,0,0,0,0,0,0		// - AL_RUWACH
4,25,27,4,0,0,0,0,0,0,0,0		// - AL_PNEUMA
4,26,24,1,0,0,0,0,0,0,0,0		// - AL_TELEPORT
4,27,26,2,0,0,0,0,0,0,0,0		// - AL_WARP
4,28,0,0,0,0,0,0,0,0,0,0		// - AL_HEAL
4,29,23,3,0,0,0,0,0,0,0,0		// - AL_INCAGI
4,30,29,1,0,0,0,0,0,0,0,0		// - AL_DECAGI
4,31,0,0,0,0,0,0,0,0,0,0		// - AL_HOLYWATER
4,32,23,3,0,0,0,0,0,0,0,0		// - AL_CRUCIS
4,33,22,3,0,0,0,0,0,0,0,0		// - AL_ANGELUS
4,34,22,5,0,0,0,0,0,0,0,0		// - AL_BLESSING
4,35,28,2,0,0,0,0,0,0,0,0		// - AL_CURE
//-----------------------------------------------------------
//Merchant
5,1,0,0,0,0,0,0,0,0,0,0			// - NV_BASIC
5,36,0,0,0,0,0,0,0,0,0,0		// - MC_INCCARRY
5,37,36,3,0,0,0,0,0,0,0,0		// - MC_DISCOUNT
5,38,37,3,0,0,0,0,0,0,0,0		// - MC_OVERCHARGE
5,39,36,5,0,0,0,0,0,0,0,0		// - MC_PUSHCART
5,40,0,0,0,0,0,0,0,0,0,0		// - MC_IDENTIFY
5,41,39,3,0,0,0,0,0,0,0,0		// - MC_VENDING
5,42,0,0,0,0,0,0,0,0,0,0		// - MC_MAMMONITE
//------------------------------------------------------------
//Thief
6,1,0,0,0,0,0,0,0,0,0,0			// - NV_BASIC
6,48,0,0,0,0,0,0,0,0,0,0		// - TF_DOUBLE
6,49,0,0,0,0,0,0,0,0,0,0		// - TF_MISS
6,50,0,0,0,0,0,0,0,0,0,0		// - TF_STEAL
6,51,50,5,0,0,0,0,0,0,0,0		// - TF_HIDING
6,52,0,0,0,0,0,0,0,0,0,0		// - TF_POISON
6,53,52,3,0,0,0,0,0,0,0,0		// - TF_DETOXIFY
//------------------------------------------------------------
//Knight
7,1,0,0,0,0,0,0,0,0,0,0			// - NV_BASIC
7,2,0,0,0,0,0,0,0,0,0,0			// - SM_SWORD
7,3,2,1,0,0,0,0,0,0,0,0			// - SM_TWOHAND
7,4,0,0,0,0,0,0,0,0,0,0			// - SM_RECOVERY
7,5,0,0,0,0,0,0,0,0,0,0			// - SM_BASH
7,6,0,0,0,0,0,0,0,0,0,0			// - SM_PROVOKE
7,7,5,5,0,0,0,0,0,0,0,0			// - SM_MAGNUM
7,8,6,5,0,0,0,0,0,0,0,0			// - SM_ENDURE
7,55,0,0,0,0,0,0,0,0,0,0		// - KN_SPEARMASTERY
7,56,55,1,0,0,0,0,0,0,0,0		// - KN_PIERCE
7,57,58,3,63,1,0,0,0,0,0,0		// - KN_BRANDISHSPEAR
7,58,56,5,0,0,0,0,0,0,0,0		// - KN_SPEARSTAB
7,59,56,3,0,0,0,0,0,0,0,0		// - KN_SPEARBOOMERANG
7,60,3,1,0,0,0,0,0,0,0,0		// - KN_TWOHANDQUICKEN
7,61,3,1,0,0,0,0,0,0,0,0		// - KN_AUTOCOUNTER
7,62,3,5,5,10,7,3,60,10,61,5		// - KN_BOWLINGBASH
7,63,8,1,0,0,0,0,0,0,0,0		// - KN_RIDING
7,64,63,1,0,0,0,0,0,0,0,0		// - KN_CAVALIERMASTERY
//------------------------------------------------------------
//Priest
8,1,0,0,0,0,0,0,0,0,0,0			// - NV_BASIC
8,22,0,0,0,0,0,0,0,0,0,0		// - AL_DP
8,23,22,3,0,0,0,0,0,0,0,0		// - AL_DEMONBANE
8,24,0,0,0,0,0,0,0,0,0,0		// - AL_RUWACH
8,25,27,4,0,0,0,0,0,0,0,0		// - AL_PNEUMA
8,26,24,1,0,0,0,0,0,0,0,0		// - AL_TELEPORT
8,27,26,2,0,0,0,0,0,0,0,0		// - AL_WARP
8,28,0,0,0,0,0,0,0,0,0,0		// - AL_HEAL
8,29,23,3,0,0,0,0,0,0,0,0		// - AL_INCAGI
8,30,29,1,0,0,0,0,0,0,0,0		// - AL_DECAGI
8,31,0,0,0,0,0,0,0,0,0,0		// - AL_HOLYWATER
8,32,23,3,0,0,0,0,0,0,0,0		// - AL_CRUCIS
8,33,22,3,0,0,0,0,0,0,0,0		// - AL_ANGELUS
8,34,22,5,0,0,0,0,0,0,0,0		// - AL_BLESSING
8,35,28,2,0,0,0,0,0,0,0,0		// - AL_CURE
8,9,0,0,0,0,0,0,0,0,0,0			// - MG_SRECOVERY
8,12,68,4,0,0,0,0,0,0,0,0		// - MG_SAFETYWALL
8,54,72,1,9,4,0,0,0,0,0,0		// - ALL_RESURRECTION
8,65,0,0,0,0,0,0,0,0,0,0		// - PR_MACEMASTERY
8,66,0,0,0,0,0,0,0,0,0,0		// - PR_IMPOSITIO
8,67,66,2,0,0,0,0,0,0,0,0		// - PR_SUFFRAGIUM
8,68,31,1,66,3,0,0,0,0,0,0		// - PR_ASPERSIO
8,69,75,3,68,5,0,0,0,0,0,0		// - PR_BENEDICTIO
8,70,28,1,0,0,0,0,0,0,0,0		// - PR_SANCTUARY
8,71,72,1,0,0,0,0,0,0,0,0		// - PR_SLOWPOISON
8,72,0,0,0,0,0,0,0,0,0,0		// - PR_STRECOVERY
8,73,33,2,0,0,0,0,0,0,0,0		// - PR_KYRIE
8,74,0,0,0,0,0,0,0,0,0,0		// - PR_MAGNIFICAT
8,75,73,4,74,3,0,0,0,0,0,0		// - PR_GLORIA
8,76,24,1,0,0,0,0,0,0,0,0		// - PR_LEXDIVINA
8,77,54,1,76,3,0,0,0,0,0,0		// - PR_TURNUNDEAD
8,78,76,5,0,0,0,0,0,0,0,0		// - PR_LEXAETERNA
8,79,12,1,78,1,77,3,0,0,0,0		// - PR_MAGNUS
//------------------------------------------------------------
//Wizard
9,1,0,0,0,0,0,0,0,0,0,0			// - NV_BASIC
9,9,0,0,0,0,0,0,0,0,0,0			// - MG_SRECOVERY
9,10,0,0,0,0,0,0,0,0,0,0		// - MG_SIGHT
9,11,0,0,0,0,0,0,0,0,0,0		// - MG_NAPALMBEAT
9,12,11,7,13,5,0,0,0,0,0,0		// - MG_SAFETYWALL
9,13,11,4,0,0,0,0,0,0,0,0		// - MG_SOULSTRIKE
9,14,0,0,0,0,0,0,0,0,0,0		// - MG_COLDBOLT
9,15,14,5,0,0,0,0,0,0,0,0		// - MG_FROSTDIVER
9,16,0,0,0,0,0,0,0,0,0,0		// - MG_STONECURSE
9,17,19,4,0,0,0,0,0,0,0,0		// - MG_FIREBALL
9,18,17,5,10,1,0,0,0,0,0,0		// - MG_FIREWALL
9,19,0,0,0,0,0,0,0,0,0,0		// - MG_FIREBOLT
9,20,0,0,0,0,0,0,0,0,0,0		// - MG_LIGHTNINGBOLT
9,21,20,4,0,0,0,0,0,0,0,0		// - MG_THUNDERSTORM
9,80,18,1,0,0,0,0,0,0,0,0		// - WZ_FIREPILLAR
9,81,20,1,10,1,0,0,0,0,0,0		// - WZ_SIGHTRASHER
9,83,81,2,0,0,0,0,0,0,0,0		// - WZ_METEOR
9,84,11,1,20,1,0,0,0,0,0,0		// - WZ_JUPITEL
9,85,11,1,21,1,84,5,0,0,0,0		// - WZ_VERMILION
9,86,14,1,20,1,0,0,0,0,0,0		// - WZ_WATERBALL
9,87,16,1,15,1,0,0,0,0,0,0		// - WZ_ICEWALL
9,88,87,1,0,0,0,0,0,0,0,0		// - WZ_FROSTNOVA
9,89,15,1,84,3,0,0,0,0,0,0		// - WZ_STORMGUST
9,90,16,1,0,0,0,0,0,0,0,0		// - WZ_EARTHSPIKE
9,91,90,3,0,0,0,0,0,0,0,0		// - WZ_HEAVENDRIVE
9,92,14,1,91,1,0,0,0,0,0,0		// - WZ_QUAGMIRE
9,93,0,0,0,0,0,0,0,0,0,0		// - WZ_ESTIMATION
//------------------------------------------------------------
//Blacksmith
10,1,0,0,0,0,0,0,0,0,0,0		// - NV_BASIC
10,36,0,0,0,0,0,0,0,0,0,0		// - MC_INCCARRY
10,37,36,3,0,0,0,0,0,0,0,0		// - MC_DISCOUNT
10,38,37,3,0,0,0,0,0,0,0,0		// - MC_OVERCHARGE
10,39,36,5,0,0,0,0,0,0,0,0		// - MC_PUSHCART
10,40,0,0,0,0,0,0,0,0,0,0		// - MC_IDENTIFY
10,41,39,3,0,0,0,0,0,0,0,0		// - MC_VENDING
10,42,0,0,0,0,0,0,0,0,0,0		// - MC_MAMMONITE
10,94,0,0,0,0,0,0,0,0,0,0		// - BS_IRON
10,95,94,1,0,0,0,0,0,0,0,0		// - BS_STEEL
10,96,94,1,0,0,0,0,0,0,0,0		// - BS_ENCHANTEDSTONE
10,97,96,1,0,0,0,0,0,0,0,0		// - BS_ORIDEOCON
10,98,0,0,0,0,0,0,0,0,0,0		// - BS_DAGGER
10,99,98,1,0,0,0,0,0,0,0,0		// - BS_SWORD
10,100,99,1,0,0,0,0,0,0,0,0		// - BS_TWOHANDSWORD
10,101,99,2,0,0,0,0,0,0,0,0		// - BS_AXE
10,102,103,1,0,0,0,0,0,0,0,0		// - BS_MACE
10,103,98,1,0,0,0,0,0,0,0,0		// - BS_KNUCKLE
10,104,98,2,0,0,0,0,0,0,0,0		// - BS_SPEAR
10,105,0,0,0,0,0,0,0,0,0,0		// - BS_HILTBINDING
10,106,95,1,105,1,0,0,0,0,0,0		// - BS_FINDINGORE
10,107,105,1,0,0,0,0,0,0,0,0		// - BS_WEAPONRESEARCH
10,108,107,1,0,0,0,0,0,0,0,0		// - BS_REPAIRWEAPON
10,109,0,0,0,0,0,0,0,0,0,0		// - BS_SKINTEMPER
10,110,0,0,0,0,0,0,0,0,0,0		// - BS_HAMMERFALL
10,111,110,2,0,0,0,0,0,0,0,0		// - BS_ADRENALINE
10,112,107,2,111,2,0,0,0,0,0,0		// - BS_WEAPONPERFECT
10,113,111,3,0,0,0,0,0,0,0,0		// - BS_OVERTHRUST
10,114,112,3,113,2,0,0,0,0,0,0		// - BS_MAXIMIZE
//------------------------------------------------------------
//Hunter
11,1,0,0,0,0,0,0,0,0,0,0		// - NV_BASIC
11,43,0,0,0,0,0,0,0,0,0,0		// - AC_OWL
11,44,43,3,0,0,0,0,0,0,0,0		// - AC_VULTURE
11,45,44,1,0,0,0,0,0,0,0,0		// - AC_CONCENTRATION
11,46,0,0,0,0,0,0,0,0,0,0		// - AC_DOUBLE
11,47,46,5,0,0,0,0,0,0,0,0		// - AC_SHOWER
11,115,0,0,0,0,0,0,0,0,0,0		// - HT_SKIDTRAP
11,116,0,0,0,0,0,0,0,0,0,0		// - HT_LANDMINE
11,117,115,1,0,0,0,0,0,0,0,0		// - HT_ANKLESNARE
11,118,117,1,0,0,0,0,0,0,0,0		// - HT_SHOCKWAVE
11,119,120,1,0,0,0,0,0,0,0,0		// - HT_SANDMAN
11,120,115,1,0,0,0,0,0,0,0,0		// - HT_FLASHER
11,121,120,1,0,0,0,0,0,0,0,0		// - HT_FREEZINGTRAP
11,122,116,1,119,1,121,1,0,0,0,0	// - HT_BLASTMINE
11,123,118,1,122,1,0,0,0,0,0,0		// - HT_CLAYMORETRAP
11,124,116,1,0,0,0,0,0,0,0,0		// - HT_REMOVETRAP
11,125,118,1,124,1,0,0,0,0,0,0		// - HT_TALKIEBOX
11,126,0,0,0,0,0,0,0,0,0,0		// - HT_BEASTBANE
11,127,126,1,0,0,0,0,0,0,0,0		// - HT_FALCON
11,128,129,5,0,0,0,0,0,0,0,0		// - HT_STEELCROW
11,129,127,1,0,0,0,0,0,0,0,0		// - HT_BLITZBEAT
11,130,45,1,124,1,0,0,0,0,0,0		// - HT_DETECTING
11,131,124,1,127,1,0,0,0,0,0,0		// - HT_SPRINGTRAP
//------------------------------------------------------------
//Assassin
12,1,0,0,0,0,0,0,0,0,0,0		// - NV_BASIC
12,48,0,0,0,0,0,0,0,0,0,0		// - TF_DOUBLE
12,49,0,0,0,0,0,0,0,0,0,0		// - TF_MISS
12,50,0,0,0,0,0,0,0,0,0,0		// - TF_STEAL
12,51,50,5,0,0,0,0,0,0,0,0		// - TF_HIDING
12,52,0,0,0,0,0,0,0,0,0,0		// - TF_POISON
12,53,52,3,0,0,0,0,0,0,0,0		// - TF_DETOXIFY
12,132,0,0,0,0,0,0,0,0,0,0		// - AS_LEFT
12,133,132,2,0,0,0,0,0,0,0,0		// - AS_LEFT
12,134,0,0,0,0,0,0,0,0,0,0		// - AS_KATAR
12,135,51,2,0,0,0,0,0,0,0,0		// - AS_CLOAKING
12,136,134,4,0,0,0,0,0,0,0,0		// - AS_SONICBLOW
12,137,135,2,136,5,0,0,0,0,0,0		// - AS_GRIMTOOTH
12,138,52,1,0,0,0,0,0,0,0,0		// - AS_ENCHANTPOISON
12,139,138,3,0,0,0,0,0,0,0,0		// - AS_POISONREACT
12,140,138,5,0,0,0,0,0,0,0,0		// - AS_VENOMDUST
12,141,139,5,140,5,0,0,0,0,0,0		// - AS_SPLASHER
//------------------------------------------------------------
14,1,0,0,0,0,0,0,0,0,0,0		// - NV_BASIC
14,2,0,0,0,0,0,0,0,0,0,0		// - SM_SWORD
14,3,2,1,0,0,0,0,0,0,0,0		// - SM_TWOHAND
14,4,0,0,0,0,0,0,0,0,0,0		// - SM_RECOVERY
14,5,0,0,0,0,0,0,0,0,0,0		// - SM_BASH
14,6,0,0,0,0,0,0,0,0,0,0		// - SM_PROVOKE
14,7,5,5,0,0,0,0,0,0,0,0		// - SM_MAGNUM
14,8,6,5,0,0,0,0,0,0,0,0		// - SM_ENDURE
14,22,35,1,0,0,0,0,0,0,0,0		// - AL_DP
14,23,22,3,0,0,0,0,0,0,0,0		// - AL_DEMONBANE
14,28,23,5,248,10,0,0,0,0,0,0		// - AL_HEAL
14,35,248,5,0,0,0,0,0,0,0,0		// - AL_CURE
14,55,0,0,0,0,0,0,0,0,0,0		// - KN_SPEARMASTERY
14,63,8,1,0,0,0,0,0,0,0,0		// - KN_RIDING
14,64,63,1,0,0,0,0,0,0,0,0		// - KN_CAVALIERMASTERY
14,248,0,0,0,0,0,0,0,0,0,0		// - CR_TRUST
14,249,0,0,0,0,0,0,0,0,0,0		// - CR_AUTOGUARD
14,250,249,5,0,0,0,0,0,0,0,0		// - CR_SHIELDCHARGE
14,251,250,3,0,0,0,0,0,0,0,0		// - CR_SHIELDBOOMERANG
14,252,251,3,0,0,0,0,0,0,0,0		// - CR_REFLECTSHIELD
14,253,248,7,0,0,0,0,0,0,0,0		// - CR_HOLYCROSS
14,254,253,6,248,10,0,0,0,0,0,0		// - CR_GRANDCROSS
14,255,252,5,254,4,0,0,0,0,0,0		// - CR_DEVOTION
14,256,22,5,28,5,0,0,0,0,0,0		// - CR_PROVIDENCE
14,257,251,1,0,0,0,0,0,0,0,0		// - CR_DEFENDER
14,258,55,10,0,0,0,0,0,0,0,0		// - CR_SPEARQUICKEN
//------------------------------------------------------------
15,1,0,0,0,0,0,0,0,0,0,0		// - NV_BASIC
15,22,0,0,0,0,0,0,0,0,0,0		// - AL_DP
15,23,22,3,0,0,0,0,0,0,0,0		// - AL_DEMONBANE
15,24,0,0,0,0,0,0,0,0,0,0		// - AL_RUWACH
15,25,27,4,0,0,0,0,0,0,0,0		// - AL_PNEUMA
15,26,24,1,0,0,0,0,0,0,0,0		// - AL_TELEPORT
15,27,26,2,0,0,0,0,0,0,0,0		// - AL_WARP
15,28,0,0,0,0,0,0,0,0,0,0		// - AL_HEAL
15,29,28,3,0,0,0,0,0,0,0,0		// - AL_INCAGI
15,30,29,1,0,0,0,0,0,0,0,0		// - AL_DECAGI
15,31,0,0,0,0,0,0,0,0,0,0		// - AL_HOLYWATER
15,32,23,3,0,0,0,0,0,0,0,0		// - AL_CRUCIS
15,33,22,3,0,0,0,0,0,0,0,0		// - AL_ANGELUS
15,34,22,5,0,0,0,0,0,0,0,0		// - AL_BLESSING
15,35,0,0,0,0,0,0,0,0,0,0		// - AL_CURE
15,259,23,10,22,10,0,0,0,0,0,0		// - MO_IRONHAND
15,260,269,2,0,0,0,0,0,0,0,0		// - MO_SPIRITSRECOVERY
15,261,259,2,0,0,0,0,0,0,0,0		// - MO_CALLSPIRITS
15,262,261,5,0,0,0,0,0,0,0,0		// - MO_ABSORBSPIRITS
15,263,265,5,0,0,0,0,0,0,0,0		// - MO_TRIPLEATTACK
15,264,271,3,260,2,0,0,0,0,0,0		// - MO_BODYRELOCATION
15,265,259,5,261,5,0,0,0,0,0,0		// - MO_DODGE
15,266,261,5,0,0,0,0,0,0,0,0		// - MO_FINGEROFFENSIVE
15,267,266,3,0,0,0,0,0,0,0,0		// - MO_INVESTIGATE
15,268,273,3,0,0,0,0,0,0,0,0		// - MO_STEELBODY
15,269,265,5,0,0,0,0,0,0,0,0		// - MO_BLADESTOP
15,270,262,1,0,0,0,0,0,0,0,0		// - MO_EXPLOSIONSPIRITS
15,271,261,5,267,3,0,0,0,0,0,0		// - MO_EXTREMITYFIST
15,272,263,5,0,0,0,0,0,0,0,0		// - MO_CHAINCOMBO
15,273,272,3,0,0,0,0,0,0,0,0		// - MO_COMBOFINISH
//------------------------------------------------------------
16,1,0,0,0,0,0,0,0,0,0,0		// - NV_BASIC
16,9,0,0,0,0,0,0,0,0,0,0		// - MG_SRECOVERY
16,10,0,0,0,0,0,0,0,0,0,0		// - MG_SIGHT
16,11,0,0,0,0,0,0,0,0,0,0		// - MG_NAPALMBEAT
16,12,11,7,13,5,0,0,0,0,0,0		// - MG_SAFETYWALL
16,13,11,4,0,0,0,0,0,0,0,0		// - MG_SOULSTRIKE
16,14,0,0,0,0,0,0,0,0,0,0		// - MG_COLDBOLT
16,15,14,5,0,0,0,0,0,0,0,0		// - MG_FROSTDIVER
16,16,0,0,0,0,0,0,0,0,0,0		// - MG_STONECURSE
16,17,19,4,0,0,0,0,0,0,0,0		// - MG_FIREBALL
16,18,17,5,10,1,0,0,0,0,0,0		// - MG_FIREWALL
16,19,0,0,0,0,0,0,0,0,0,0		// - MG_FIREBOLT
16,20,0,0,0,0,0,0,0,0,0,0		// - MG_LIGHTNINGBOLT
16,21,20,4,0,0,0,0,0,0,0,0		// - MG_THUNDERSTORM
16,93,0,0,0,0,0,0,0,0,0,0		// - WZ_ESTIMATION
16,90,283,2,0,0,0,0,0,0,0,0		// - WZ_EARTHSPIKE
16,91,90,1,0,0,0,0,0,0,0,0		// - WZ_HEAVENDRIVE
16,274,0,0,0,0,0,0,0,0,0,0		// - SA_ADVANCEDBOOK
16,275,274,2,0,0,0,0,0,0,0,0		// - SA_CASTCANCEL
16,276,274,4,0,0,0,0,0,0,0,0		// - SA_MAGICROD
16,277,276,1,0,0,0,0,0,0,0,0		// - SA_SPELLBREAKER
16,278,275,1,0,0,0,0,0,0,0,0		// - SA_FREECAST
16,279,278,4,0,0,0,0,0,0,0,0		// - SA_AUTOSPELL
16,280,19,1,274,5,0,0,0,0,0,0		// - SA_FLAMELAUNCHER
16,281,14,1,274,5,0,0,0,0,0,0		// - SA_FROSTWEAPON
16,282,20,1,274,5,0,0,0,0,0,0		// - SA_LIGHTNINGLOADER
16,283,16,1,274,5,0,0,0,0,0,0		// - SA_SEISMICWEAPON
16,284,274,9,0,0,0,0,0,0,0,0		// - SA_DRAGONOLOGY
16,285,280,2,0,0,0,0,0,0,0,0		// - SA_VOLCANO
16,286,281,2,0,0,0,0,0,0,0,0		// - SA_DELUGE
16,287,282,2,0,0,0,0,0,0,0,0		// - SA_VIOLENTGALE
16,288,285,3,286,3,287,3,0,0,0,0	// - SA_LANDPROTECTOR
16,289,277,3,0,0,0,0,0,0,0,0		// - SA_DISPELL
16,290,279,5,289,1,288,1,0,0,0,0	// - SA_ABRACADABRA
//------------------------------------------------------------
17,1,0,0,0,0,0,0,0,0,0,0		// - NV_BASIC
17,48,0,0,0,0,0,0,0,0,0,0		// - TF_DOUBLE
17,49,0,0,0,0,0,0,0,0,0,0		// - TF_MISS
17,50,0,0,0,0,0,0,0,0,0,0		// - TF_STEAL
17,51,50,5,0,0,0,0,0,0,0,0		// - TF_HIDING
17,52,0,0,0,0,0,0,0,0,0,0		// - TF_POISON
17,53,52,3,0,0,0,0,0,0,0,0		// - TF_DETOXIFY
17,2,0,0,0,0,0,0,0,0,0,0		// - SM_SWORD
17,44,0,0,0,0,0,0,0,0,0,0		// - AC_VULTURE
17,46,44,10,0,0,0,0,0,0,0,0		// - AC_DOUBLE
17,124,46,5,0,0,0,0,0,0,0,0		// - HT_REMOVETRAP
17,210,50,1,0,0,0,0,0,0,0,0		// - RG_SNATCHER
17,211,210,4,0,0,0,0,0,0,0,0		// - RG_STEALCOIN
17,212,211,4,0,0,0,0,0,0,0,0		// - RG_BACKSTAP
17,213,51,1,0,0,0,0,0,0,0,0		// - RG_TUNNELDRIVE
17,214,212,2,213,2,0,0,0,0,0,0		// - RG_RAID
17,215,217,5,0,0,0,0,0,0,0,0		// - RG_STRIPWEAPON
17,216,218,5,0,0,0,0,0,0,0,0		// - RG_STRIPSHIELD
17,217,216,5,0,0,0,0,0,0,0,0		// - RG_STRIPARMOR
17,218,211,1,0,0,0,0,0,0,0,0		// - RG_STRIPHELM
17,219,212,4,214,5,0,0,0,0,0,0		// - RG_INTIMIDATE
17,220,221,5,0,0,0,0,0,0,0,0		// - RG_GRAFFITI
17,221,222,1,0,0,0,0,0,0,0,0		// - RG_FLAGGRAFFITI
17,222,223,1,0,0,0,0,0,0,0,0		// - RG_CLEANER
17,223,216,3,0,0,0,0,0,0,0,0		// - RG_GANGSTER
17,224,223,1,0,0,0,0,0,0,0,0		// - RG_COMPULSION
17,225,219,5,0,0,0,0,0,0,0,0		// - RG_PLAGIARISM
//------------------------------------------------------------
18,1,0,0,0,0,0,0,0,0,0,0		// - NV_BASIC
18,36,0,0,0,0,0,0,0,0,0,0		// - MC_INCCARRY
18,37,36,3,0,0,0,0,0,0,0,0		// - MC_DISCOUNT
18,38,37,3,0,0,0,0,0,0,0,0		// - MC_OVERCHARGE
18,39,36,5,0,0,0,0,0,0,0,0		// - MC_PUSHCART
18,40,0,0,0,0,0,0,0,0,0,0		// - MC_IDENTIFY
18,41,39,3,0,0,0,0,0,0,0,0		// - MC_VENDING
18,42,0,0,0,0,0,0,0,0,0,0		// - MC_MAMMONITE
18,2,0,0,0,0,0,0,0,0,0,0		// - SM_SWORD
18,226,0,0,0,0,0,0,0,0,0,0		// - AM_AXEMASTERY
18,227,0,0,0,0,0,0,0,0,0,0		// - AM_LERNINGPOTION
18,228,227,5,0,0,0,0,0,0,0,0		// - AM_PHARMACY
18,229,228,4,0,0,0,0,0,0,0,0		// - AM_DEMONSTRATION
18,230,228,5,0,0,0,0,0,0,0,0		// - AM_ACIDTERROR
18,231,228,3,0,0,0,0,0,0,0,0		// - AM_POTIONPITCHER
18,232,228,6,0,0,0,0,0,0,0,0		// - AM_CANNIBALIZE
18,233,228,2,0,0,0,0,0,0,0,0		// - AM_SPHEREMINE
18,234,236,3,0,0,0,0,0,0,0,0		// - AM_CP_WEAPON
18,235,237,3,0,0,0,0,0,0,0,0		// - AM_CP_SHIELD
18,236,235,3,0,0,0,0,0,0,0,0		// - AM_CP_ARMOR
18,237,228,2,0,0,0,0,0,0,0,0		// - AM_CP_HELM
//------------------------------------------------------------
19,1,0,0,0,0,0,0,0,0,0,0		// - NV_BASIC
19,43,0,0,0,0,0,0,0,0,0,0		// - AC_OWL
19,44,43,3,0,0,0,0,0,0,0,0		// - AC_VULTURE
19,45,44,1,0,0,0,0,0,0,0,0		// - AC_CONCENTRATION
19,46,0,0,0,0,0,0,0,0,0,0		// - AC_DOUBLE
19,47,46,5,0,0,0,0,0,0,0,0		// - AC_SHOWER
19,315,0,0,0,0,0,0,0,0,0,0		// - BA_MUSICALLESSON
19,316,315,3,0,0,0,0,0,0,0,0		// - BA_MUSICALSTRIKE
19,317,315,1,304,1,0,0,0,0,0,0		// - BA_DISSONANCE
19,318,305,1,0,0,0,0,0,0,0,0		// - BA_FROSTJOKE
19,319,317,3,0,0,0,0,0,0,0,0		// - BA_WHISTLE
19,320,317,3,0,0,0,0,0,0,0,0		// - BA_ASSASSINCROSS
19,321,317,3,0,0,0,0,0,0,0,0		// - BA_POEMBRAGI
19,322,317,3,0,0,0,0,0,0,0,0		// - BA_APPLEIDUN
19,304,0,0,0,0,0,0,0,0,0,0		// - BD_ADAPTATION
19,305,304,1,0,0,0,0,0,0,0,0		// - BD_ENCORE
19,306,319,10,0,0,0,0,0,0,0,0		// - BD_LULLABY
19,307,313,3,0,0,0,0,0,0,0,0		// - BD_RICHMANKIM
19,308,311,1,0,0,0,0,0,0,0,0		// - BD_ETERNALCHAOS
19,309,322,10,0,0,0,0,0,0,0,0		// - BD_DRUMBATTLEFIELD
19,310,309,3,0,0,0,0,0,0,0,0		// - BD_RINGNIBELUNGEN
19,311,320,10,0,0,0,0,0,0,0,0		// - BD_ROKISWEIL
19,312,306,1,0,0,0,0,0,0,0,0		// - BD_INTOABYSS
19,313,321,10,0,0,0,0,0,0,0,0		// - BD_SIEGFRIED
19,314,312,1,308,1,0,0,0,0,0,0		// - BD_RAGNAROK
//------------------------------------------------------------
20,1,0,0,0,0,0,0,0,0,0,0		// - NV_BASIC
20,43,0,0,0,0,0,0,0,0,0,0		// - AC_OWL
20,44,43,3,0,0,0,0,0,0,0,0		// - AC_VULTURE
20,45,44,1,0,0,0,0,0,0,0,0		// - AC_CONCENTRATION
20,46,0,0,0,0,0,0,0,0,0,0		// - AC_DOUBLE
20,47,46,5,0,0,0,0,0,0,0,0		// - AC_SHOWER
20,323,0,0,0,0,0,0,0,0,0,0		// - DC_DANCINGLESSON
20,324,0,0,0,0,0,0,0,0,0,0		// - DC_THROWARROW
20,325,323,1,304,1,0,0,0,0,0,0		// - DC_UGLYDANCE
20,326,305,1,0,0,0,0,0,0,0,0		// - DC_SCREAM
20,327,325,3,0,0,0,0,0,0,0,0		// - DC_HUMMING
20,328,325,3,0,0,0,0,0,0,0,0		// - DC_DONTFORGETME
20,329,325,3,0,0,0,0,0,0,0,0		// - DC_FORTUNEKISS
20,330,325,3,0,0,0,0,0,0,0,0		// - DC_SERVICEFORYOU
20,304,0,0,0,0,0,0,0,0,0,0		// - BD_ADAPTATION
20,305,304,1,0,0,0,0,0,0,0,0		// - BD_ENCORE
20,306,327,10,0,0,0,0,0,0,0,0		// - BD_LULLABY
20,307,313,3,0,0,0,0,0,0,0,0		// - BD_RICHMANKIM
20,308,311,1,0,0,0,0,0,0,0,0		// - BD_ETERNALCHAOS
20,309,330,10,0,0,0,0,0,0,0,0		// - BD_DRUMBATTLEFIELD
20,310,309,3,0,0,0,0,0,0,0,0		// - BD_RINGNIBELUNGEN
20,311,328,10,0,0,0,0,0,0,0,0		// - BD_ROKISWEIL
20,312,306,1,0,0,0,0,0,0,0,0		// - BD_INTOABYSS
20,313,329,10,0,0,0,0,0,0,0,0		// - BD_SIEGFRIED
20,314,312,1,308,1,0,0,0,0,0,0		// - BD_RAGNAROK
//------------------------------------------------------------
23,1,0,0,0,0,0,0,0,0,0,0		// - NV_BASIC
23,2,0,0,0,0,0,0,0,0,0,0		// - SM_SWORD
23,4,0,0,0,0,0,0,0,0,0,0		// - SM_RECOVERY
23,5,0,0,0,0,0,0,0,0,0,0		// - SM_BASH
23,6,0,0,0,0,0,0,0,0,0,0		// - SM_PROVOKE
23,7,5,5,0,0,0,0,0,0,0,0		// - SM_MAGNUM
23,8,6,5,0,0,0,0,0,0,0,0		// - SM_ENDURE
23,9,0,0,0,0,0,0,0,0,0,0		// - MG_SRECOVERY
23,10,0,0,0,0,0,0,0,0,0,0		// - MG_SIGHT
23,11,0,0,0,0,0,0,0,0,0,0		// - MG_NAPALMBEAT
23,12,11,7,13,5,0,0,0,0,0,0		// - MG_SAFETYWALL
23,13,11,4,0,0,0,0,0,0,0,0		// - MG_SOULSTRIKE
23,14,0,0,0,0,0,0,0,0,0,0		// - MG_COLDBOLT
23,15,14,5,0,0,0,0,0,0,0,0		// - MG_FROSTDIVER
23,16,0,0,0,0,0,0,0,0,0,0		// - MG_STONECURSE
23,17,19,4,0,0,0,0,0,0,0,0		// - MG_FIREBALL
23,18,17,5,10,1,0,0,0,0,0,0		// - MG_FIREWALL
23,19,0,0,0,0,0,0,0,0,0,0		// - MG_FIREBOLT
23,20,0,0,0,0,0,0,0,0,0,0		// - MG_LIGHTNINGBOLT
23,21,20,4,0,0,0,0,0,0,0,0		// - MG_THUNDERSTORM
23,22,0,0,0,0,0,0,0,0,0,0		// - AL_DP
23,23,22,3,0,0,0,0,0,0,0,0		// - AL_DEMONBANE
23,24,0,0,0,0,0,0,0,0,0,0		// - AL_RUWACH
23,25,27,4,0,0,0,0,0,0,0,0		// - AL_PNEUMA
23,26,24,1,0,0,0,0,0,0,0,0		// - AL_TELEPORT
23,27,26,2,0,0,0,0,0,0,0,0		// - AL_WARP
23,28,0,0,0,0,0,0,0,0,0,0		// - AL_HEAL
23,29,23,3,0,0,0,0,0,0,0,0		// - AL_INCAGI
23,30,29,1,0,0,0,0,0,0,0,0		// - AL_DECAGI
23,31,0,0,0,0,0,0,0,0,0,0		// - AL_HOLYWATER
23,32,23,3,0,0,0,0,0,0,0,0		// - AL_CRUCIS
23,33,22,3,0,0,0,0,0,0,0,0		// - AL_ANGELUS
23,34,22,5,0,0,0,0,0,0,0,0		// - AL_BLESSING
23,35,28,2,0,0,0,0,0,0,0,0		// - AL_CURE
23,36,0,0,0,0,0,0,0,0,0,0		// - MC_INCCARRY
23,37,36,30,0,0,0,0,0,0,0,0		// - MC_DISCOUNT
23,38,37,3,0,0,0,0,0,0,0,0		// - MC_OVERCHARGE
23,39,36,5,0,0,0,0,0,0,0,0		// - MC_PUSHCART
23,40,0,0,0,0,0,0,0,0,0,0		// - MC_IDENTIFY
23,41,39,3,0,0,0,0,0,0,0,0		// - MC_VENDING
23,42,0,0,0,0,0,0,0,0,0,0		// - MC_MAMMONITE
23,48,0,0,0,0,0,0,0,0,0,0		// - TF_DOUBLE
23,49,0,0,0,0,0,0,0,0,0,0		// - TF_MISS
23,50,0,0,0,0,0,0,0,0,0,0		// - TF_STEAL
23,51,50,5,0,0,0,0,0,0,0,0		// - TF_HIDING
23,52,0,0,0,0,0,0,0,0,0,0		// - TF_POISON
23,53,52,3,0,0,0,0,0,0,0,0		// - TF_DETOXIFY